750
640
712
246 85
486
35
674 949
512 600
39
739
947 794
608 788
336 359
666 927
233
569
425
404
490 372
357
77
448
21
725
939
281
662 289
578 879
873 76
194
205
329
537 824
32 118
451
766
854
990 806
293
864
921
612 717
839
190 661
367
187
965 894
321 911
890
142
938
581 703
485
986
690
341 394
961 285
956 487
393
760 151
214 833
820
435
208
294
523 982
109
591
610
535 968
258
808 108
477
510 12
407 0
505
759 94
813 710
638
217
791
305
489
375 720
358
905
548 846
207 273
671
112
656
149
546
741
936
496 643
314
931
316
62
657 466
935
838 376
893
339 952
83
296
665 601
730
350 234
932 65
53 157
22
877
27 967
7
432 97
762 696
239
177
528 617
500
513 735
959
634 172
611
79 818
655
319
903 54
292
427 681
288 796
37 152
553 250
349
639
220
309
551
297 93
679
144 637
587 322
550
858 543
976
713
613
767
219
526
345 542
540
101 752
299
826
480
777
843
395 834
565
334
998
969
169 988
944
397
874
506
962
455 269
973 857
606
596
420
623
761
724
880
801 215
5
406
770 130
70
127
106
140
364
284
520
775
308
236 61
257 700
268
924
726 337
479
179
748
156 26
275
559
458 72
484 223
745
848
980 853
368 675
38
295 475
245
265
260
529 338
667
772
111
928 204
74
650
954
604
878
722
736
916 243
277
270 731
978
723
48
324 271
168 143
603 749
689 816
414 476
313
941 577
892 991
164
400
981 67
971
282
521 518
244 422
642
999 716
42
557
709 517
672
360
907
787
589 750
780
421
539
778
885 937
945 929
436
444 40
522 226
381
196
615 237
728
307 919
301
497
552 30
822
699 683
556
567
290 434
588
107
942
262 800
863
342
201
14
141
503 868
213
461 161
870
481 934
504
138 123
757
17
984 115
629
25
252 599
734
856 134
298
519
886
574
231 904
8 20
450
647
441
456
332
744 930
412
377
365 86
994
585 263
173 737
401 335
183 568
460
154
424 795
966
73
467
516
185 280
417 44
756
923
82 701
515
283
227 438
895
272
454 242
669
560
47 428
202
303
50
908
126 609
251
279
16
191 876
146 974
797 15
646
69 902
159
501 390
532
875
11
533
378
387
508
437 66
326
746
815
255
176
769 402
311
593
887
218 562
776
153 673
103
363 418
538
333
799
738
58 478
132
677
57 547
465 711
693
415 872
318 182
811
753 71
254
135
306 957
184
963
276
570
697 447
792
774 259
635 573
561
64 866
328
463
754
287
198 256
897 195
844
416
847 783
900
958 383
63
891 409
595 137
805 80
92
580 861
19
995 199
181
809
493
60
686 99
382 10
896
175 598
170
707
232
691
888
408 586
530
240
948
531
823
230
993 781
575
28
483
859
524 68
174
831
209
302
439
964
987
951
758 814
462
113
740 920
845
370
125
145
261
837 511
705 131
829
851
488
914
221 881
764
983
188 200
803
743
594
197
514
729
680
768
855
597
139
78
374
644
469 563
865
812
3
98
315
13
925
91 102
389
95 253
836
147 659
317
330 620
492 883
899
773 6
100
827
862 386
719
972
403 618
180 498
286
549
31 793
571 684
852
433
431
165 36
278
34
698 582
446
953 985
470 388
413 841
110
355 344
678
2 398
649
49 564
87
747
918 882
668 751
96 366
663
471 52
507
9
206 18
607 910
362
352
380
331 625
704
379
81
430
906
786
621
867
348
763 104
676 105
708
784
576
122
692
652
320
440
396
821
765 631
602
614
45
828 385
922
605
55 443
468
771
658
702
117 392
499
43
616
473
933
527 114
423
41
300
790
371 566
399 651
472
718
373 482
241
186
178
229
120
491
926
525 632
706
502
975
29
136
410 248
264 840
51 327
970
1
361
802
950
90
56
453
810 224
354
807
310 384
898 495
459 579
291 534
624 630
733
628 88
121
23
426 782
129 116
464 128
75
989
819
997
429
148
235
457
249 452
832 715
222
798 405
247
346
915 817
46 996
347
509
33
688
860
804
555
742
940 155
228
992
592
584
340
554
732
869
558 158
216
687
369
274
544 572
648
166
913
727
356
909 59
626
133 449
842
636 124
267
694
312
979 353
654
323
645
541
211
238 664
193
789 545
351
210
494 163
445 901
171 590
685 160
343 946
24
955
203
189
850
225
391
325
889
4
825 474
653 835
633 943
119 884
304 960
192
721 619
849
266 150
411
89
830
785
419 84
670 660
583 977
442
641
627
682
714 912
695 622
779
212
917
871 162
536
167
755
