5
107 29
15 15 15 15 21 49 77 143 221 323 437 667 899 1147 1517 1763 2021 2491 3127 3599 4087 4757 5183 5767 6557 7387 8633 9797 10403
37814 31
3970381 31166143 91135273 41406697 57541373 61140643 22812973 40773737 85213549 11800301 1472741 17287573 166507819 102433627 15453379 2839279 9251713 15957943 9199441 46811977 152169893 418903 128867 10404971 17478449 61666873 32471587 40090331 31389737 15060049 53005723 
37814 25
114107713 10889387 1240661 1954009 13449613 46194961 162161 337993 76135649 17478449 10404971 60979033 105778159 20760469 10586083 3790987 2281603 8522263 15045857 22812973 47255027 91863643 138516253 164899139 211464937
37814 34
31389737 4384717 12325639 91135273 41406697 3790987 4028117 3778069 8539577 61666873 85213549 71253317 12921707 15453379 94361279 52038563 43366111 58906291 37720741 73069063 70758739 79264033 17287573 13449613 96284393 31389737 4384717 6331111 128867 485119 229555181 18820327 8959189 17478449 
37814 62
41737627 5600071 18585169 133049309 31389737 4384717 2319529 20580299 109360709 91135273 41406697 37259041 37259041 40090331 16605269 16605269 76135649 10635109 15432559 70758739 15453379 2839279 39773 223541 20760469 16810481 8892797 6331111 29028331 48762289 27282581 39589631 42122881 15285289 14366039 5950361 15432559 29172907 4384717 15432559 39022183 43366111 114107713 110480099 10543201 1472741 1570213 7199473 36528073 19234387 21470003 14615017 77593 337993 96284393 13449613 2319529 1570213 9104761 273761 485119 229555181 
